A = [11 10 14 ; 12 11 -13 ; 14 13 -66];
b = [1 ; 1 ; 1];
x = A\b

R = [11 10 14 ; 12 11.01 -13 ; 14 13 -66];
n = [1 ; 1 ; 1];
m = R\n